Converged in 2497 iterations.
Solution: 0.983434 0.967258 0.951465 0.936045 0.920991 0.906296 
0.891953 0.877953 0.864289 0.850955 0.837944 0.825248 
0.812862 0.800778 0.78899 0.777492 0.766277 0.75534
0.744675 0.734276 0.724137 0.714253 0.704618 0.695227
0.686074 0.677155 0.668464 0.659997 0.651748 0.643714
0.635889 0.628268 0.620848 0.613624 0.606592 0.599747
0.593086 0.586604 0.580299 0.574165 0.568199 0.562397 
0.556757 0.551274 0.545945 0.540767 0.535737 0.530851
0.526106 0.5215 0.517028 0.51269 0.508481 0.504399 
0.500441 0.496606 0.492889 0.48929 0.485804 0.482431
0.479168 0.476013 0.472963 0.470017 0.467173 0.464428
0.461781 0.45923 0.456773 0.454409 0.452136 0.449952 
0.447857 0.445847 0.443923 0.442083 0.440325 0.438649 
0.437053 0.435535 0.434096 0.432734 0.431448 0.430237
0.429101 0.428038 0.427048 0.42613 0.425284 0.424509 
0.423804 0.423169 0.422605 0.422109 0.421682 0.421325
0.421035 0.420815 0.420662 0.420578 
