0.980919 0.962229 0.943925 0.925999 0.908442 0.891249
0.874413 0.857927 0.841783 0.825976 0.8105 0.795348
0.780514 0.765992 0.751777 0.737862 0.724243 0.710913
0.697867 0.685101 0.672609 0.660385 0.648426 0.636727
0.625282 0.614087 0.603137 0.592429 0.581958 0.57172 
0.561711 0.551926 0.542362 0.533014 0.52388 0.514956 
0.506238 0.497722 0.489405 0.481284 0.473355 0.465616
0.458063 0.450693 0.443504 0.436492 0.429654 0.422989
0.416492 0.410162 0.403996 0.397992 0.392147 0.386459
0.380926 0.375545 0.370314 0.365231 0.360294 0.355501
0.350851 0.346341 0.341969 0.337735 0.333635 0.329669
0.325835 0.322131 0.318555 0.315108 0.311786 0.308589
0.305516 0.302564 0.299734 0.297024 0.294432 0.291958
0.289601 0.28736 0.285234 0.283222 0.281323 0.279536 
0.277862 0.276298 0.274846 0.273503 0.272269 0.271145
0.270128 0.26922 0.26842 0.267727 0.267141 0.266662 
0.266289 0.266023 0.265864 0.265811 
